4,5
2,4
4,4
4294967293,131
4294967293,130
4294967293,129
4294967293,128
4294967293,127
4294967293,126
4294967293,125
4294967293,124
4294967293,123
4294967293,122
4294967293,121
4294967293,120
4294967293,119
4294967293,118
4294967293,117
4294967293,116
4294967293,115
4294967293,114
4294967293,113
4294967293,112
4294967293,111
4294967293,110
4294967293,109
4294967293,108
4294967293,107
4294967293,106
4294967293,105
4294967293,104
4294967293,103
4294967293,102
4294967293,101
4294967293,100
4294967293,99
4294967293,98
4294967293,97
4294967293,96
4294967293,95
4294967293,94
4294967293,93
4294967293,92
4294967293,91
4294967293,90
4294967293,89
4294967293,87
4294967293,86
4294967293,85
4294967293,84
4294967293,83
4294967293,82
4294967293,81
4294967293,80
4294967293,79
4294967293,78
4294967293,77
4294967293,76
4294967293,75
4294967293,74
4294967293,73
4294967293,72
4294967293,71
4294967293,70
4294967293,69
4294967293,68
4294967293,67
4294967293,66
4294967293,65
4294967293,64
4294967293,63
4294967293,62
4294967293,61
4294967293,60
4294967293,59
4294967293,58
4294967293,57
4294967293,56
4294967293,55
4294967293,54
4294967293,53
4294967293,52
4294967293,51
4294967293,50
4294967293,49
4294967293,48
4294967293,47
4294967293,46
4294967293,45
4294967293,44
4294967293,43
4294967293,42
4294967293,41
4294967293,40
4294967293,39
4294967293,38
4294967293,37
4294967293,36
4294967293,35
4294967293,34
4294967293,33
4294967293,32
4294967293,31
4294967293,30
4294967293,29
4294967293,28
4294967293,27
4294967293,26
4294967293,25
4294967293,24
4294967293,23
4294967293,22
4294967293,21
4294967293,20
4294967293,19
4294967293,18
4294967293,17
4294967293,16
4294967293,15
4294967293,14
4294967293,13
4294967293,12
4294967293,11
4294967293,10
4294967293,9
4294967293,8
4294967293,7
4294967293,6
4294967293,5
4294967293,4
4294967293,3
4294967279,47
4294967279,46
4294967279,45
4294967279,44
4294967279,43
4294967279,42
4294967279,41
4294967279,40
4294967279,39
4294967279,38
4294967279,37
4294967279,36
4294967279,35
4294967279,34
4294967279,33
4294967279,32
4294967279,31
4294967279,30
4294967279,29
4294967279,28
4294967279,27
4294967279,26
4294967279,25
4294967279,24
4294967279,23
4294967278,273
4294967278,328
4294967279,333
4294967294,1021
4294967294,190
4294967294,161
4294967278,270
4294967278,327
4294967279,332
4294967278,269
4294967294,439
4294967278,268
4294967278,326
4294967279,268
4294967279,331
4294967278,267
4294967279,267
4294967278,266
4294967278,265
4294967278,262
4294967279,266
15,6
4294967278,264
15,5
4294967279,265
15,4
4294967278,263
15,3
15,2
15,1
4294967278,325
4294967278,278
4294967279,330
4294967278,324
4294967279,329
4294967278,279
4294967278,258
4294967279,281
4294967278,257
4294967279,279
4294967278,256
4294967278,323
4294967279,328
4294967279,278
4294967278,322
4294967279,327
4294967278,255
4294967278,321
4294967279,326
4294967279,325
4294967278,320
4294967279,324
4294967279,323
4294967278,319
4294967278,318
4294967279,74
4294967279,73
4294967279,72
4294967279,71
4294967279,70
4294967279,69
4294967279,68
4294967279,67
4294967279,66
4294967279,65
4294967279,64
4294967279,63
4294967279,62
4294967279,61
4294967279,60
4294967279,59
4294967279,58
4294967279,57
4294967279,56
4294967279,55
4294967279,54
4294967279,53
4294967279,52
4294967279,51
4294967279,50
4294967279,49
4294967279,48
4294967294,1011
4294967294,1008
4294967294,1007
4294967294,1002
4294967294,991
4294967294,964
4294967294,1028
4294967294,988
4294967294,986
4294967294,983
4294967294,981
4294967294,980
4294967294,1030
4294967294,1029
4294967294,976
4294967294,973
4294967294,974
4294967294,1026
4294967294,1027
4294967294,1010
4294967294,967
4294967294,965
4294967294,963
4294967294,962
4294967294,60
4294967294,422
4294967294,987
4294967294,1031
4294967294,977
4294967294,979
4294967294,975
4294967294,970
4294967294,972
4294967294,971
4294967294,961
4294967294,1024
4294967294,1025
4294967279,257
4294967278,317
4294967279,322
4294967278,316
4294967279,321
4294967278,315
4294967279,320
4294967279,252
4294967279,250
4294967279,248
4294967278,245
13,4
4294967279,246
13,2
13,1
4294967279,245
4294967278,243
4294967279,244
4294967279,93
